//-1 = decorations
//0 = breakableBlocks
//1 = unbreakableBlocks
//2 = questionBlocks
//3 = pipes
//4 = warps
//5 = goombas
//6 = koopas
//7 = coins
//8 = flagpoles
//9 = castles

///Decorations
///Hills
-1 0 18 0 0;
-1 1 18 1 0;
-1 1 17 0 0;
-1 2 18 3 0;
-1 2 17 1 0;
-1 2 16 4 0;
-1 3 18 1 0;
-1 3 17 5 0;
-1 4 18 5 0;
-1 16 18 0 0;
-1 17 18 1 0;
-1 17 17 4 0;
-1 18 18 5 0;
-1 48 18 0 0;
-1 49 18 1 0;
-1 49 17 0 0;
-1 50 18 3 0;
-1 50 17 1 0;
-1 50 16 4 0;
-1 51 18 1 0;
-1 51 17 5 0;
-1 52 18 5 0;
-1 64 18 0 0;
-1 65 18 1 0;
-1 65 17 4 0;
-1 66 18 5 0;
-1 96 18 0 0;
-1 97 18 1 0;
-1 97 17 0 0;
-1 98 18 3 0;
-1 98 17 1 0;
-1 98 16 4 0;
-1 99 18 1 0;
-1 99 17 5 0;
-1 100 18 5 0;
-1 112 18 0 0;
-1 113 18 1 0;
-1 113 17 4 0;
-1 114 18 5 0;
-1 144 18 0 0;
-1 145 18 1 0;
-1 145 17 0 0;
-1 146 18 3 0;
-1 146 17 1 0;
-1 146 16 4 0;
-1 147 18 1 0;
-1 147 17 5 0;
-1 148 18 5 0;
-1 160 18 0 0;
-1 161 18 1 0;
-1 161 17 4 0;
-1 162 18 5 0;
-1 192 18 0 0;
-1 193 18 1 0;
-1 193 17 0 0;
-1 194 18 3 0;
-1 194 17 1 0;
-1 194 16 4 0;
-1 195 18 1 0;
-1 195 17 5 0;
-1 196 18 5 0;

//Bushes
-1 11 18 6 0;
-1 12 18 7 0;
-1 13 18 7 0;
-1 14 18 7 0;
-1 15 18 8 0;
-1 11 18 6 0;
-1 12 18 7 0;
-1 13 18 7 0;
-1 14 18 7 0;
-1 15 18 8 0;
-1 23 18 6 0;
-1 24 18 7 0;
-1 25 18 8 0;
-1 41 18 6 0;
-1 42 18 7 0;
-1 43 18 7 0;
-1 44 18 8 0;
-1 59 18 6 0;
-1 60 18 7 0;
-1 61 18 7 0;
-1 62 18 7 0;
-1 63 18 8 0;
-1 71 18 6 0;
-1 72 18 7 0;
-1 73 18 8 0;
-1 89 18 6 0;
-1 90 18 7 0;
-1 91 18 7 0;
-1 92 18 8 0;
-1 107 18 6 0;
-1 108 18 7 0;
-1 109 18 7 0;
-1 110 18 7 0;
-1 111 18 8 0;
-1 119 18 6 0;
-1 120 18 7 0;
-1 121 18 8 0;
-1 137 18 6 0;
-1 138 18 7 0;
-1 139 18 7 0;
-1 140 18 8 0;
-1 157 18 6 0;
-1 158 18 7 0;
-1 159 18 8 0;
-1 167 18 6 0;
-1 168 18 7 0;
-1 169 18 8 0;
-1 205 18 6 0;
-1 206 18 7 0;
-1 207 18 8 0;

///Clouds
-1 8 10 9 0;
-1 9 10 10 0;
-1 9 9 11 0;
-1 10 10 12 0;
-1 19 9 9 0;
-1 20 9 10 0;
-1 20 8 11 0;
-1 21 9 12 0;
-1 27 10 9 0;
-1 28 10 10 0;
-1 28 9 11 0;
-1 29 10 10 0;
-1 29 9 11 0;
-1 30 10 10 0;
-1 30 9 11 0;
-1 31 10 12 0;
-1 36 9 9 0;
-1 37 9 10 0;
-1 37 8 11 0;
-1 38 9 10 0;
-1 38 8 11 0;
-1 39 9 12 0;
-1 56 10 9 0;
-1 57 10 10 0;
-1 57 9 11 0;
-1 58 10 12 0;
-1 67 9 9 0;
-1 68 9 10 0;
-1 68 8 11 0;
-1 69 9 12 0;
-1 75 10 9 0;
-1 76 10 10 0;
-1 76 9 11 0;
-1 77 10 10 0;
-1 77 9 11 0;
-1 78 10 10 0;
-1 78 9 11 0;
-1 79 10 12 0;
-1 84 9 9 0;
-1 85 9 10 0;
-1 85 8 11 0;
-1 86 9 10 0;
-1 86 8 11 0;
-1 87 9 12 0;
-1 104 10 9 0;
-1 105 10 10 0;
-1 105 9 11 0;
-1 106 10 12 0;
-1 115 9 9 0;
-1 116 9 10 0;
-1 116 8 11 0;
-1 117 9 12 0;
-1 123 10 9 0;
-1 124 10 10 0;
-1 124 9 11 0;
-1 125 10 10 0;
-1 125 9 11 0;
-1 126 10 10 0;
-1 126 9 11 0;
-1 127 10 12 0;
-1 132 9 9 0;
-1 133 9 10 0;
-1 133 8 11 0;
-1 134 9 10 0;
-1 134 8 11 0;
-1 135 9 12 0;
-1 152 10 9 0;
-1 153 10 10 0;
-1 153 9 11 0;
-1 154 10 12 0;
-1 163 9 9 0;
-1 164 9 10 0;
-1 164 8 11 0;
-1 165 9 12 0;
-1 171 10 9 0;
-1 172 10 10 0;
-1 172 9 11 0;
-1 173 10 10 0;
-1 173 9 11 0;
-1 174 10 10 0;
-1 174 9 11 0;
-1 175 10 12 0;
-1 180 9 9 0;
-1 181 9 10 0;
-1 181 8 11 0;
-1 182 9 10 0;
-1 182 8 11 0;
-1 183 9 12 0;
-1 200 10 9 0;
-1 201 10 10 0;
-1 201 9 11 0;
-1 202 10 12 0;

///Breakable blocks
0 20 15 1 0;
0 22 15 1 0;
0 24 15 1 0;
0 77 15 1 0;
0 79 15 1 0;
0 80 11 1 0;
0 81 11 1 0;
0 82 11 1 0;
0 83 11 1 0;
0 84 11 1 0;
0 85 11 1 0;
0 86 11 1 0;
0 87 11 1 0;
0 91 11 1 0;
0 92 11 1 0;
0 93 11 1 0;
0 94 15 1 1;
0 100 15 1 0;
0 101 15 1 2;
0 118 15 1 0;
0 121 11 1 0;
0 122 11 1 0;
0 123 11 1 0;
0 128 11 1 0;
0 131 11 1 0;
0 129 15 1 0;
0 130 15 1 0;
0 168 15 1 0;
0 169 15 1 0;
0 171 15 1 0;

///Area 1
0 208 18 0 0;
0 208 17 0 0;
0 208 16 0 0;
0 208 15 0 0;
0 208 14 0 0;
0 208 13 0 0;
0 208 12 0 0;
0 208 11 0 0;
0 208 10 0 0;
0 208 9 0 0;
0 208 8 0 0;
0 212 18 0 0;
0 212 17 0 0;
0 212 16 0 0;
0 213 18 0 0;
0 213 17 0 0;
0 213 16 0 0;
0 214 18 0 0;
0 214 17 0 0;
0 214 16 0 0;
0 215 18 0 0;
0 215 17 0 0;
0 215 16 0 0;
0 216 18 0 0;
0 216 17 0 0;
0 216 16 0 0;
0 217 18 0 0;
0 217 17 0 0;
0 217 16 0 0;
0 218 18 0 0;
0 218 17 0 0;
0 218 16 0 0;
0 212 8 0 0;
0 213 8 0 0;
0 214 8 0 0;
0 215 8 0 0;
0 216 8 0 0;
0 217 8 0 0;
0 218 8 0 0;

///Unbreakable blocks
1 -1 0 0 0;
1 -1 1 0 0;
1 -1 2 0 0;
1 -1 3 0 0;
1 -1 4 0 0;
1 -1 5 0 0;
1 -1 6 0 0;
1 -1 7 0 0;
1 -1 8 0 0;
1 -1 9 0 0;
1 -1 10 0 0;
1 -1 11 0 0;
1 -1 12 0 0;
1 -1 13 0 0;
1 -1 14 0 0;
1 -1 15 0 0;
1 -1 16 0 0;
1 -1 17 0 0;
1 -1 18 0 0;
1 -1 19 0 0;
1 -1 20 0 0;
1 0 19 0 0;
1 1 19 0 0;
1 2 19 0 0;
1 3 19 0 0;
1 4 19 0 0;
1 5 19 0 0;
1 6 19 0 0;
1 7 19 0 0;
1 8 19 0 0;
1 9 19 0 0;
1 10 19 0 0;
1 11 19 0 0;
1 12 19 0 0;
1 13 19 0 0;
1 14 19 0 0;
1 15 19 0 0;
1 16 19 0 0;
1 17 19 0 0;
1 18 19 0 0;
1 19 19 0 0;
1 20 19 0 0;
1 21 19 0 0;
1 22 19 0 0;
1 23 19 0 0;
1 24 19 0 0;
1 25 19 0 0;
1 26 19 0 0;
1 27 19 0 0;
1 28 19 0 0;
1 29 19 0 0;
1 30 19 0 0;
1 31 19 0 0;
1 32 19 0 0;
1 33 19 0 0;
1 34 19 0 0;
1 35 19 0 0;
1 36 19 0 0;
1 37 19 0 0;
1 38 19 0 0;
1 39 19 0 0;
1 40 19 0 0;
1 41 19 0 0;
1 42 19 0 0;
1 43 19 0 0;
1 44 19 0 0;
1 45 19 0 0;
1 46 19 0 0;
1 47 19 0 0;
1 48 19 0 0;
1 49 19 0 0;
1 50 19 0 0;
1 51 19 0 0;
1 52 19 0 0;
1 53 19 0 0;
1 54 19 0 0;
1 55 19 0 0;
1 56 19 0 0;
1 57 19 0 0;
1 58 19 0 0;
1 59 19 0 0;
1 60 19 0 0;
1 61 19 0 0;
1 62 19 0 0;
1 63 19 0 0;
1 64 19 0 0;
1 65 19 0 0;
1 66 19 0 0;
1 67 19 0 0;
1 68 19 0 0;
1 0 20 0 0;
1 1 20 0 0;
1 2 20 0 0;
1 3 20 0 0;
1 4 20 0 0;
1 5 20 0 0;
1 6 20 0 0;
1 7 20 0 0;
1 8 20 0 0;
1 9 20 0 0;
1 10 20 0 0;
1 11 20 0 0;
1 12 20 0 0;
1 13 20 0 0;
1 14 20 0 0;
1 15 20 0 0;
1 16 20 0 0;
1 17 20 0 0;
1 18 20 0 0;
1 19 20 0 0;
1 20 20 0 0;
1 21 20 0 0;
1 22 20 0 0;
1 23 20 0 0;
1 24 20 0 0;
1 25 20 0 0;
1 26 20 0 0;
1 27 20 0 0;
1 28 20 0 0;
1 29 20 0 0;
1 30 20 0 0;
1 31 20 0 0;
1 32 20 0 0;
1 33 20 0 0;
1 34 20 0 0;
1 35 20 0 0;
1 36 20 0 0;
1 37 20 0 0;
1 38 20 0 0;
1 39 20 0 0;
1 40 20 0 0;
1 41 20 0 0;
1 42 20 0 0;
1 43 20 0 0;
1 44 20 0 0;
1 45 20 0 0;
1 46 20 0 0;
1 47 20 0 0;
1 48 20 0 0;
1 49 20 0 0;
1 50 20 0 0;
1 51 20 0 0;
1 52 20 0 0;
1 53 20 0 0;
1 54 20 0 0;
1 55 20 0 0;
1 56 20 0 0;
1 57 20 0 0;
1 58 20 0 0;
1 59 20 0 0;
1 60 20 0 0;
1 61 20 0 0;
1 62 20 0 0;
1 63 20 0 0;
1 64 20 0 0;
1 65 20 0 0;
1 66 20 0 0;
1 67 20 0 0;
1 68 20 0 0;
1 71 19 0 0;
1 72 19 0 0;
1 73 19 0 0;
1 74 19 0 0;
1 75 19 0 0;
1 76 19 0 0;
1 77 19 0 0;
1 78 19 0 0;
1 79 19 0 0;
1 80 19 0 0;
1 81 19 0 0;
1 82 19 0 0;
1 83 19 0 0;
1 84 19 0 0;
1 85 19 0 0;
1 71 20 0 0;
1 72 20 0 0;
1 73 20 0 0;
1 74 20 0 0;
1 75 20 0 0;
1 76 20 0 0;
1 77 20 0 0;
1 78 20 0 0;
1 79 20 0 0;
1 80 20 0 0;
1 81 20 0 0;
1 82 20 0 0;
1 83 20 0 0;
1 84 20 0 0;
1 85 20 0 0;
1 89 19 0 0;
1 90 19 0 0;
1 91 19 0 0;
1 92 19 0 0;
1 93 19 0 0;
1 94 19 0 0;
1 95 19 0 0;
1 96 19 0 0;
1 97 19 0 0;
1 98 19 0 0;
1 99 19 0 0;
1 100 19 0 0;
1 101 19 0 0;
1 102 19 0 0;
1 103 19 0 0;
1 104 19 0 0;
1 105 19 0 0;
1 106 19 0 0;
1 107 19 0 0;
1 108 19 0 0;
1 109 19 0 0;
1 110 19 0 0;
1 111 19 0 0;
1 112 19 0 0;
1 113 19 0 0;
1 114 19 0 0;
1 115 19 0 0;
1 116 19 0 0;
1 117 19 0 0;
1 118 19 0 0;
1 119 19 0 0;
1 120 19 0 0;
1 121 19 0 0;
1 122 19 0 0;
1 123 19 0 0;
1 124 19 0 0;
1 125 19 0 0;
1 126 19 0 0;
1 127 19 0 0;
1 128 19 0 0;
1 129 19 0 0;
1 130 19 0 0;
1 131 19 0 0;
1 132 19 0 0;
1 133 19 0 0;
1 134 19 0 0;
1 135 19 0 0;
1 136 19 0 0;
1 137 19 0 0;
1 138 19 0 0;
1 139 19 0 0;
1 140 19 0 0;
1 141 19 0 0;
1 142 19 0 0;
1 143 19 0 0;
1 144 19 0 0;
1 145 19 0 0;
1 146 19 0 0;
1 147 19 0 0;
1 148 19 0 0;
1 149 19 0 0;
1 150 19 0 0;
1 151 19 0 0;
1 152 19 0 0;
1 89 20 0 0;
1 90 20 0 0;
1 91 20 0 0;
1 92 20 0 0;
1 93 20 0 0;
1 94 20 0 0;
1 95 20 0 0;
1 96 20 0 0;
1 97 20 0 0;
1 98 20 0 0;
1 99 20 0 0;
1 100 20 0 0;
1 101 20 0 0;
1 102 20 0 0;
1 103 20 0 0;
1 104 20 0 0;
1 105 20 0 0;
1 106 20 0 0;
1 107 20 0 0;
1 108 20 0 0;
1 109 20 0 0;
1 110 20 0 0;
1 111 20 0 0;
1 112 20 0 0;
1 113 20 0 0;
1 114 20 0 0;
1 115 20 0 0;
1 116 20 0 0;
1 117 20 0 0;
1 118 20 0 0;
1 119 20 0 0;
1 120 20 0 0;
1 121 20 0 0;
1 122 20 0 0;
1 123 20 0 0;
1 124 20 0 0;
1 125 20 0 0;
1 126 20 0 0;
1 127 20 0 0;
1 128 20 0 0;
1 129 20 0 0;
1 130 20 0 0;
1 131 20 0 0;
1 132 20 0 0;
1 133 20 0 0;
1 134 20 0 0;
1 135 20 0 0;
1 136 20 0 0;
1 137 20 0 0;
1 138 20 0 0;
1 139 20 0 0;
1 140 20 0 0;
1 141 20 0 0;
1 142 20 0 0;
1 143 20 0 0;
1 144 20 0 0;
1 145 20 0 0;
1 146 20 0 0;
1 147 20 0 0;
1 148 20 0 0;
1 149 20 0 0;
1 150 20 0 0;
1 151 20 0 0;
1 152 20 0 0;
1 155 19 0 0;
1 156 19 0 0;
1 157 19 0 0;
1 158 19 0 0;
1 159 19 0 0;
1 160 19 0 0;
1 161 19 0 0;
1 162 19 0 0;
1 163 19 0 0;
1 164 19 0 0;
1 165 19 0 0;
1 166 19 0 0;
1 167 19 0 0;
1 168 19 0 0;
1 169 19 0 0;
1 170 19 0 0;
1 171 19 0 0;
1 172 19 0 0;
1 173 19 0 0;
1 174 19 0 0;
1 175 19 0 0;
1 176 19 0 0;
1 177 19 0 0;
1 178 19 0 0;
1 179 19 0 0;
1 180 19 0 0;
1 181 19 0 0;
1 182 19 0 0;
1 183 19 0 0;
1 184 19 0 0;
1 185 19 0 0;
1 186 19 0 0;
1 187 19 0 0;
1 188 19 0 0;
1 189 19 0 0;
1 190 19 0 0;
1 191 19 0 0;
1 192 19 0 0;
1 193 19 0 0;
1 194 19 0 0;
1 195 19 0 0;
1 196 19 0 0;
1 197 19 0 0;
1 198 19 0 0;
1 199 19 0 0;
1 200 19 0 0;
1 201 19 0 0;
1 202 19 0 0;
1 203 19 0 0;
1 204 19 0 0;
1 205 19 0 0;
1 206 19 0 0;
1 207 19 0 0;
1 155 20 0 0;
1 156 20 0 0;
1 157 20 0 0;
1 158 20 0 0;
1 159 20 0 0;
1 160 20 0 0;
1 161 20 0 0;
1 162 20 0 0;
1 163 20 0 0;
1 164 20 0 0;
1 165 20 0 0;
1 166 20 0 0;
1 167 20 0 0;
1 168 20 0 0;
1 169 20 0 0;
1 170 20 0 0;
1 171 20 0 0;
1 172 20 0 0;
1 173 20 0 0;
1 174 20 0 0;
1 175 20 0 0;
1 176 20 0 0;
1 177 20 0 0;
1 178 20 0 0;
1 179 20 0 0;
1 180 20 0 0;
1 181 20 0 0;
1 182 20 0 0;
1 183 20 0 0;
1 184 20 0 0;
1 185 20 0 0;
1 186 20 0 0;
1 187 20 0 0;
1 188 20 0 0;
1 189 20 0 0;
1 190 20 0 0;
1 191 20 0 0;
1 192 20 0 0;
1 193 20 0 0;
1 194 20 0 0;
1 195 20 0 0;
1 196 20 0 0;
1 197 20 0 0;
1 198 20 0 0;
1 199 20 0 0;
1 200 20 0 0;
1 201 20 0 0;
1 202 20 0 0;
1 203 20 0 0;
1 204 20 0 0;
1 205 20 0 0;
1 206 20 0 0;
1 207 20 0 0;
1 134 18 1 0;
1 135 18 1 0;
1 136 18 1 0;
1 137 18 1 0;
1 135 17 1 0;
1 136 17 1 0;
1 137 17 1 0;
1 136 16 1 0;
1 137 16 1 0;
1 137 15 1 0;
1 140 18 1 0;
1 141 18 1 0;
1 142 18 1 0;
1 143 18 1 0;
1 140 17 1 0;
1 141 17 1 0;
1 142 17 1 0;
1 140 16 1 0;
1 141 16 1 0;
1 140 15 1 0;
1 148 18 1 0;
1 149 18 1 0;
1 150 18 1 0;
1 151 18 1 0;
1 152 18 1 0;
1 149 17 1 0;
1 150 17 1 0;
1 151 17 1 0;
1 152 17 1 0;
1 150 16 1 0;
1 151 16 1 0;
1 152 16 1 0;
1 151 15 1 0;
1 152 15 1 0;
1 155 18 1 0;
1 156 18 1 0;
1 157 18 1 0;
1 158 18 1 0;
1 155 17 1 0;
1 156 17 1 0;
1 157 17 1 0;
1 155 16 1 0;
1 156 16 1 0;
1 155 15 1 0;
1 181 18 1 0;
1 182 18 1 0;
1 183 18 1 0;
1 184 18 1 0;
1 185 18 1 0;
1 186 18 1 0;
1 187 18 1 0;
1 188 18 1 0;
1 189 18 1 0;
1 182 17 1 0;
1 183 17 1 0;
1 184 17 1 0;
1 185 17 1 0;
1 186 17 1 0;
1 187 17 1 0;
1 188 17 1 0;
1 189 17 1 0;
1 183 16 1 0;
1 184 16 1 0;
1 185 16 1 0;
1 186 16 1 0;
1 187 16 1 0;
1 188 16 1 0;
1 189 16 1 0;
1 184 15 1 0;
1 185 15 1 0;
1 186 15 1 0;
1 187 15 1 0;
1 188 15 1 0;
1 189 15 1 0;
1 185 14 1 0;
1 186 14 1 0;
1 187 14 1 0;
1 188 14 1 0;
1 189 14 1 0;
1 186 13 1 0;
1 187 13 1 0;
1 188 13 1 0;
1 189 13 1 0;
1 187 12 1 0;
1 188 12 1 0;
1 189 12 1 0;
1 188 11 1 0;
1 189 11 1 0;
1 198 18 1 0;

///Area 1
1 208 19 0 0;
1 209 19 0 0;
1 210 19 0 0;
1 211 19 0 0;
1 212 19 0 0;
1 213 19 0 0;
1 214 19 0 0;
1 215 19 0 0;
1 216 19 0 0;
1 217 19 0 0;
1 218 19 0 0;
1 219 19 0 0;
1 220 19 0 0;
1 221 19 0 0;
1 222 19 0 0;
1 223 19 0 0;
1 208 20 0 0;
1 209 20 0 0;
1 210 20 0 0;
1 211 20 0 0;
1 212 20 0 0;
1 213 20 0 0;
1 214 20 0 0;
1 215 20 0 0;
1 216 20 0 0;
1 217 20 0 0;
1 218 20 0 0;
1 219 20 0 0;
1 220 20 0 0;
1 221 20 0 0;
1 222 20 0 0;
1 223 20 0 0;
1 224 20 0 0;
1 224 19 0 0;
1 224 18 0 0;
1 224 17 0 0;
1 224 16 0 0;
1 224 15 0 0;
1 224 14 0 0;
1 224 13 0 0;
1 224 12 0 0;
1 224 11 0 0;
1 224 10 0 0;
1 224 9 0 0;
1 224 8 0 0;
1 224 7 0 0;
1 224 6 0 0;
1 224 5 0 0;
1 224 4 0 0;
1 224 3 0 0;
1 224 2 0 0;
1 224 1 0 0;
1 224 0 0 0;

///Question blocks
2 16 15 0 0;
2 21 15 0 1;
2 23 15 0 0;
2 22 11 0 0;
2 78 15 0 1;
2 94 11 0 0;
2 106 15 0 0;
2 109 15 0 0;
2 112 15 0 0;
2 109 11 0 1;
2 129 11 0 0;
2 130 11 0 0;
2 170 15 0 0;

///Pipes
3 28 18 2 0;
3 29 18 3 0;
3 28 17 0 0;
3 29 17 1 0;
3 38 18 2 0;
3 39 18 3 0;
3 38 17 2 0;
3 39 17 3 0;
3 38 16 0 0;
3 39 16 1 0;
3 46 18 2 0;
3 47 18 3 0;
3 46 17 2 0;
3 47 17 3 0;
3 46 16 2 0;
3 47 16 3 0;
3 46 15 0 0;
3 47 15 1 0;
3 57 18 2 0;
3 58 18 3 0;
3 57 17 2 0;
3 58 17 3 0;
3 57 16 2 0;
3 58 16 3 0;
3 57 15 0 0;
3 58 15 1 0;
3 163 18 2 0;
3 164 18 3 0;
3 163 17 0 0;
3 164 17 1 0;
3 179 18 2 0;
3 180 18 3 0;
3 179 17 0 0;
3 180 17 1 0;

///Area 1
3 221 18 5 0;
3 221 17 4 0;
3 222 18 7 0;
3 222 17 6 0;
3 223 18 9 0;
3 223 17 8 0;
3 223 16 2 0;
3 223 15 2 0;
3 223 14 2 0;
3 223 13 2 0;
3 223 12 2 0;
3 223 11 2 0;
3 223 10 2 0;
3 223 9 2 0;
3 223 8 2 0;

///Warps
///Area 0 to area 1
4 57 14 2 0;
4 210 8 0 0;

///Area 1 to area 0
4 220 18 4 1;
4 163 16 6 1;

///Goombas
5 22 18 0 0;
5 40 18 0 0;
5 51 18 0 0;
5 53 18 0 0;
5 80 10 0 0;
5 82 10 0 0;
5 97 18 0 0;
5 99 18 0 0;
5 114 18 0 0;
5 116 18 0 0;
5 124 18 0 0;
5 126 18 0 0;
5 128 18 0 0;
5 130 18 0 0;
5 174 18 0 0;
5 176 18 0 0;

///Koopas
6 107 18 0 0;

///Coins
7 212 15 0 0;
7 212 13 0 0;
7 213 15 0 0;
7 213 13 0 0;
7 213 11 0 0;
7 214 15 0 0;
7 214 13 0 0;
7 214 11 0 0;
7 215 15 0 0;
7 215 13 0 0;
7 215 11 0 0;
7 216 15 0 0;
7 216 13 0 0;
7 216 11 0 0;
7 217 15 0 0;
7 217 13 0 0;
7 217 11 0 0;
7 218 15 0 0;
7 218 13 0 0;

///Flagpoles
8 198 17 0 0;

///Castles
9 204 18 0 0;