//-1 = decorations
//0 = breakableBlocks
//1 = unbreakableBlocks
//2 = questionBlocks
//3 = pipes
//4 = goombas
//5 = koopas

1 -1 0 0 0;
1 -1 1 0 0;
1 -1 2 0 0;
1 -1 3 0 0;
1 -1 4 0 0;
1 -1 5 0 0;
1 -1 6 0 0;
1 -1 7 0 0;
1 -1 8 0 0;
1 -1 9 0 0;
1 -1 10 0 0;
1 -1 11 0 0;
1 -1 12 0 0;
1 -1 13 0 0;
1 -1 14 0 0;
1 -1 15 0 0;
1 -1 16 0 0;
1 -1 17 0 0;
1 -1 18 0 0;
1 -1 19 0 0;
1 -1 20 0 0;
1 0 19 0 0;
1 1 19 0 0;
1 2 19 0 0;
1 3 19 0 0;
1 4 19 0 0;
1 5 19 0 0;
1 6 19 0 0;
1 7 19 0 0;
1 8 19 0 0;
1 9 19 0 0;
1 10 19 0 0;
1 11 19 0 0;
1 12 19 0 0;
1 13 19 0 0;
1 14 19 0 0;
1 15 19 0 0;
1 16 19 0 0;
1 17 19 0 0;
1 0 20 0 0;
1 1 20 0 0;
1 2 20 0 0;
1 3 20 0 0;
1 4 20 0 0;
1 5 20 0 0;
1 6 20 0 0;
1 7 20 0 0;
1 8 20 0 0;
1 9 20 0 0;
1 10 20 0 0;
1 11 20 0 0;
1 12 20 0 0;
1 13 20 0 0;
1 14 20 0 0;
1 15 20 0 0;
1 16 20 0 0;
1 17 20 0 0;
1 18 20 0 0;
1 18 19 0 0;
1 18 18 0 0;
1 18 17 0 0;
1 18 16 0 0;
1 18 15 0 0;
1 18 14 0 0;
1 18 13 0 0;
1 18 12 0 0;
1 18 11 0 0;
1 18 10 0 0;
1 18 9 0 0;
1 18 8 0 0;
1 18 7 0 0;
1 18 6 0 0;
1 18 5 0 0;
1 18 4 0 0;
1 18 3 0 0;
1 18 2 0 0;
1 18 1 0 0;
1 18 0 0 0;